                ------------  ------------  ------------  ------------  ------------  ------------  ------------
                importance    kama_sutra    journey       neuromancer   dickens       frankenstein  count-zero
importance      (1.00000000)  (0.64964805)  (0.76723392)  (0.69969356)  (0.74380657)  (0.80038731)  (0.72921552)
kama_sutra      (0.64964805)  (1.00000000)  (0.89037758)  (0.89045500)  (0.90434253)  (0.83916402)  (0.89603787)
journey         (0.76723392)  (0.89037758)  (1.00000000)  (0.91027909)  (0.92944083)  (0.94944497)  (0.91567941)
neuromancer     (0.69969356)  (0.89045500)  (0.91027909)  (1.00000000)  (0.95001333)  (0.85562831)  (0.98202632)
dickens         (0.74380657)  (0.90434253)  (0.92944083)  (0.95001333)  (1.00000000)  (0.90706169)  (0.96261353)
frankenstein    (0.80038731)  (0.83916402)  (0.94944497)  (0.85562831)  (0.90706169)  (1.00000000)  (0.87355813)
count-zero      (0.72921552)  (0.89603787)  (0.91567941)  (0.98202632)  (0.96261353)  (0.87355813)  (1.00000000)
                ------------  ------------  ------------  ------------  ------------  ------------  ------------
