{, , , , ,  , , }


'toHaveAndHold': (0.04913671617843767, 0.26635317779823553)
'theCallOfTheWild': (0.030089685322022774, 0.3157660215022135)
'theJungle': (0.023910898101177237, 0.30671207286016927)
'thePromiseOfAmericanLife': (0.10337965638888513, 0.3779599520231871)
'theJustandtheUnjust': (0.02454693661501242, 0.25736292955923684)
'theTurmoil': (0.047906985365550346, 0.2643599693501376)
'theMajor': (0.06558307383634716, 0.27680332477802067)
'MainStreet': (0.051719856173551126, 0.2741573945644921)
'PlasticAge': (0.05142029128027152, 0.31085377087564703)
